0,1,2,3,4,5,6,7,8,9,10,11,12,13,14,15,16,17,18,19,characters
-0.026031308,-0.010490473,0.0008125461,-0.026189078,-0.9973362,0.43538994,0.31181285,0.33823663,0.07697976,0.0200188,-0.57717675,-0.31474084,0.21156058,0.20589972,-0.020049777,-0.15744148,0.09257272,0.020189492,0.20749278,0.37678745,Hobbits
1.2723812,-0.65907025,-0.50954646,-0.30864567,-1.4460397,0.090183504,0.28713956,0.97403705,-0.49420136,-0.20624866,-0.7405746,-0.38684615,-0.87553895,-0.8041842,-0.55188334,-0.10207039,0.62303436,-0.15408558,0.584104,1.5626074,Elves
0.026859568,-0.04360421,-0.33897823,-0.032196127,-1.0550234,0.41081566,0.07430518,0.23378538,-0.09349502,0.090021126,-0.56574845,-0.28302658,0.34453347,0.3085091,-0.14505853,-0.29160815,0.15774484,0.06288169,0.4891327,0.55226314,Dwarves
-0.632018,-0.1522606,-0.9139613,-0.69765717,0.38555506,0.41187605,0.25986218,0.16461402,0.48998016,-0.6069701,0.571797,0.06920183,-1.0271881,-0.67478204,0.33206004,-0.5263505,-0.6527431,-0.14354762,0.44878724,1.3324914,Bilbo
0.06316952,-0.112883106,-1.6094078,0.13124146,-0.16718212,0.007847724,0.8345729,0.47617424,-0.19663565,0.80282575,0.7835312,-0.07884462,-1.8585519,-0.53600585,1.4563841,-0.65122986,0.028194202,-0.63462555,0.62341595,-0.20177501,Frodo
0.46571806,-1.9489397,-1.4648438,-0.036337752,0.9453112,0.27887586,0.7507524,0.28556103,0.3569843,-0.24240239,0.6140346,0.51174474,0.3747645,-0.19318686,0.169678,-0.62157017,0.06108299,-0.7794719,-0.3766394,0.999087,Gandalf
0.6141902,-0.33616185,-0.823584,1.0660005,0.28068843,0.17161845,0.31539115,-0.25866008,-0.9897997,-0.48277915,0.77916014,0.29012012,-0.74055105,-0.43060094,-0.6319484,-0.015041772,-0.21354356,0.2762065,0.26956445,0.4400003,Orcs
-0.44978932,-0.03272592,-0.82070875,0.42418364,0.24050498,0.24966197,0.5083808,0.013923324,0.2671215,0.6153591,0.77119935,-0.28218243,-0.07920842,-0.83665943,0.7446475,-0.022449909,0.04125026,0.27762586,-0.5539648,0.648647,Gollum
-0.27475834,0.13290419,-0.064120136,-0.27522352,-0.32022646,-0.1317144,0.26574114,0.18525343,-0.15958153,0.38605303,0.108399995,-0.22893292,-0.06581567,0.33922505,0.57989645,-0.4218239,-0.011790237,-0.1277011,0.13866867,-0.48230228,the Sackville-Bagginses
-0.53558385,0.116038665,0.14980485,-0.59004873,-0.349105,-0.39271626,0.13149655,0.19773318,-0.26707962,0.3427531,0.23677409,-0.46721038,0.10826137,0.4772837,0.7058789,-0.41921642,0.16505508,0.05166242,-0.17699179,-0.851679,Otho
-0.48158997,-0.1227249,-0.35929838,-0.6138002,-0.22688197,-0.21952766,0.3356623,0.26146576,-0.4948065,0.54561436,0.38787562,-0.46930885,-0.40259886,0.3282131,1.0327631,-0.5886404,0.45978147,-0.08889966,-0.057839226,-0.78223485,Lobelia
0.68370503,-0.87588215,-0.7591201,-0.29280072,0.8060247,0.8282144,-0.5907842,0.38289326,0.288468,0.3436545,0.71541846,-0.4972151,-0.615527,-0.2560857,0.9040922,0.4535808,-0.1784878,0.038528662,0.87582016,0.271525,Merry
-0.40822926,0.3794892,-0.18200234,0.093317814,-0.08026861,-0.018739179,0.37147737,-0.1396087,0.21281315,0.34039202,0.4751729,-0.38198975,0.29448324,-0.3601449,0.38680723,0.32790536,-0.020267174,0.4690074,-0.49888003,0.10265564,Déagol
0.14425717,-0.60387176,-0.9337973,-0.16249491,0.18522497,0.45972553,0.30131483,0.23875628,-0.29790667,0.4858945,0.49621,-0.71789426,-0.6282093,-0.7998872,0.9847305,-0.60592365,0.9910064,0.15972257,-0.058544353,0.09916243,Sam
0.21251078,-0.08123775,-0.19256724,-0.4130101,0.13135359,0.3962451,0.22333337,0.027071664,0.17544,0.59633356,0.40103,0.16198508,-0.4283211,-0.24789403,0.47227198,0.0026600645,-0.45238218,-0.14932558,0.3348324,-0.47211257,Fatty Bolger
0.6824953,-1.0026246,-0.5177111,0.32682207,1.008994,0.7282384,0.28528747,-0.47013044,0.23317173,0.4824821,0.54004335,-0.7942101,-0.7009618,-0.18488488,0.8635194,-0.14878657,0.5381042,-0.21872407,0.3913959,0.63086575,Pippin
-0.10956459,-0.033195615,-0.0971905,-0.39535105,0.124487475,0.03511773,0.30631167,-0.11795384,-0.18632877,0.3293508,0.05081756,-0.31385362,-0.35984406,0.22298667,0.7577321,-0.3064092,0.40447095,0.08572758,-0.00021989224,-0.36235127,the Gaffer
0.27569407,-0.27345482,0.0145778395,-0.15058799,-0.04607347,0.37450945,0.3356429,0.10790396,-0.14328596,0.7309564,0.15605494,0.4032108,-0.33495593,-0.08188821,0.46944168,-0.5771743,-0.5827551,-0.42756927,0.1595504,-0.121986315,Black Riders
0.024730356,0.0832525,-0.21114917,-0.36241582,0.21940023,0.17417732,-0.16460416,0.084533125,0.041921925,0.34894475,0.273791,-0.1860654,-0.2825864,0.1974177,0.41370383,0.30699506,-0.26813325,0.006333947,0.102290876,-0.37918392,Maggot
-0.056824427,0.11639274,-0.16270418,-0.098758325,-0.014170634,-0.052611466,0.37243918,-0.0072006923,-0.11832495,0.48315626,0.17760769,0.015274446,-0.2674184,0.052092038,0.24340527,-0.03606528,-0.2803969,0.058146212,0.08564214,-0.57703006,Farmer Maggot
0.3408356,0.2941618,-0.3160348,-1.0300658,-0.44839665,0.9181,-0.21699557,0.5360283,0.3592218,0.39783058,0.36340672,0.33663285,-0.5349168,-0.23575057,0.6588885,0.14770775,-0.8095245,-0.082358435,0.6744385,0.76321197,Tom Bombadil
0.1156134,0.41789526,0.033350352,-0.5422307,-0.42266104,0.46423244,-0.27996922,0.28304613,0.4328186,0.326265,0.3401308,0.095692955,-0.15390815,-0.09185035,0.36929548,0.1969419,-0.5736974,0.35999507,0.16765268,0.03123827,Goldberry
0.14323401,-0.38877526,-0.6896161,-0.24747942,0.32209012,0.32990104,-0.6230494,0.10184458,0.4573359,0.5991078,0.30001837,0.36167544,-0.12032663,0.17085986,0.92787963,0.43713856,-0.15431607,-0.04764418,0.32660362,0.02150657,Barliman Butterbur
0.15786672,-0.421076,-0.30277652,-0.12942173,0.26495042,0.053948328,-0.5322333,0.091582984,0.4757879,0.38156205,0.3660212,0.17308432,0.33872575,0.1079834,0.49664348,0.45750254,-0.058118537,0.11597206,0.08216069,0.034507103,Nob
0.5007802,-1.2777678,-1.5092217,1.1504469,0.2312465,0.14947014,-0.3597597,-0.2405673,1.0675135,0.20417234,0.77286917,0.14919214,-0.057574555,-0.2800487,0.90041333,-0.34280467,0.33962807,-0.1129671,0.7261394,0.71097314,Aragorn
-0.12031202,-0.13840763,-0.65534616,-0.055724457,0.06584151,0.31749663,-0.51308775,0.25992954,0.23978542,0.57786584,0.26032,-0.103353366,-0.33388418,0.31050134,0.78408664,0.4727787,0.14232634,0.1078069,0.19435173,-0.09956729,Ferny
-0.092036985,0.02782929,-0.3147119,0.30081296,-0.3457027,-0.053635154,-0.042803943,-0.5051033,0.017586043,0.30301654,0.095436126,0.15382716,-0.15853447,0.21723986,0.5463411,-0.3227361,0.053644396,-0.2884831,0.38763133,-0.06344248,Arathorn
-0.03480625,-0.2962053,-0.4072541,-0.010813947,0.01346402,0.08222671,-0.82042944,0.027666869,0.54235864,0.36432493,0.18035378,0.13693826,0.1809149,0.2732207,0.6800316,0.53516066,-0.029285988,0.11779812,0.116767794,-0.08951974,Bob
-0.01837724,-0.32260284,-0.06937754,0.30528393,0.28505537,0.54857683,-0.51130533,-0.18081923,0.14220002,0.38511494,0.14868565,-0.12982135,-0.003943513,-0.23185821,0.48693976,-0.14203857,-0.20382407,-0.15058678,0.31068784,0.06075506,Gil-galad
-0.20628104,0.016664427,0.07747929,0.16572626,0.028560646,-0.024949525,-0.12342635,-0.030751657,0.5542358,-0.32983828,0.56543213,-0.17496254,-0.069267295,-0.15757239,0.270971,0.2077332,0.41754436,-0.101169005,0.16858104,-0.073745094,Tinúviel
0.29127094,-1.3098223,-0.36685008,0.37357873,-0.4103479,0.23640805,-0.6442085,-0.4804133,0.027352914,0.2653202,-0.31506628,0.10348906,-0.9885686,-0.68705195,0.22632349,-1.3953998,-0.2875429,-0.93877184,0.10237544,0.4845805,Elrond
-0.19325878,0.06767165,0.15758006,-0.009892789,0.057476874,0.2292279,-0.25385362,0.6577896,0.23100074,-0.42044702,0.6216013,-0.30036697,-1.1869037,-0.37753925,-0.13544662,0.17597902,0.93461883,-0.7372024,-0.029985975,0.088138185,Beren
-0.08116841,-0.37904176,0.27696222,-0.16849369,0.22746144,-0.23484005,0.008568006,0.3366475,-0.016819987,-0.6555486,0.35460013,-0.00082815764,-1.5988762,-0.59502137,0.0777394,0.64225674,1.1135865,-0.30000877,0.42826477,0.19509113,Lúthien
0.13375801,0.5140588,0.10380297,-0.6211552,-0.38249543,0.59175664,-0.1702237,0.210724,0.17067142,0.4372097,0.21708806,0.24513008,-0.0142515255,0.2109086,0.43839493,0.31601292,-0.6797516,0.033911437,0.43374464,0.08635555,Troll
-0.3049011,-0.62430143,-0.2730344,0.2655506,-0.04183148,0.20390126,0.24009661,-0.15806027,0.32824764,1.0607513,0.28256184,0.5336222,-0.46159926,0.29444826,0.29594642,-0.24152301,-0.09840346,-0.81814045,-0.11218898,-0.12196626,Glorfindel
0.023884684,-0.0928466,-0.01254065,-0.4525842,0.101496264,-1.3309999,0.50379896,0.20319436,0.4143481,0.026485637,-0.52616405,-0.4919053,-0.9586809,-0.6320824,-0.5309256,0.016573489,-0.48782396,-0.06681734,0.71291953,0.1513177,Varda
-0.18249416,-0.60070807,-0.46249256,0.3986553,-0.2494782,0.15318538,0.1966273,0.0052611544,0.21118353,0.75868976,-0.018876668,0.40875554,-0.2500324,0.21063648,-0.033792265,-0.48531243,-0.07001493,-0.4235951,-0.0650222,0.054469157,Glóin
-0.7524795,-0.019016579,-1.298656,-0.16151908,0.04067917,-0.0027537493,0.43232667,-0.50640947,0.49342576,-0.7127947,0.21695621,0.08786856,-0.0037143256,0.081559666,0.5044234,-0.6695684,-0.34666178,0.013909998,-0.28476387,0.7752469,Balin
-0.13096991,-0.017644346,-0.0666336,-0.13131931,-0.11472887,0.2772864,-0.1672938,-0.2652625,-0.16156448,0.08612807,-0.18940312,-0.15770711,-0.32367617,-0.061619435,0.19027618,-0.38266942,-0.31448925,-0.24061368,0.0002734908,-0.35389286,Drogo
0.32208565,-1.2533035,-1.0730712,0.6905129,0.02136856,0.44721797,-0.057868086,0.10977832,0.21316643,0.26952365,0.12036833,-0.2922034,-0.42408425,-0.029658379,-0.08573745,-0.7592287,-0.00015405535,0.28413123,-0.5887984,0.5203346,Gimli
-0.0161898,-0.42980635,-0.15015495,5.696682e-06,-0.28269458,-0.03144469,0.6061577,-0.41471964,-0.439606,0.9410577,0.24224481,1.1905069,-0.3643949,0.38609076,-0.12910879,-0.3026911,0.039908953,-0.5313009,0.13240753,0.100773685,Galdor
0.11076909,-0.70564395,-0.9543419,0.13803196,0.07569036,0.2771877,-0.048893906,-0.074424714,-0.320811,0.3837968,0.9521247,-0.62238127,-0.2968944,-0.29622787,0.011849879,-0.6361919,-0.19663076,-0.23157111,0.3126826,0.22664937,Boromir
0.27427393,-0.39738753,-0.37402916,1.088885,0.32466963,0.57199985,0.0364004,0.11993887,-0.5736599,0.65837693,0.27287158,-0.20508334,-0.023885809,-0.6462894,0.8162994,-0.7579642,-0.1031192,-0.028366733,0.22098742,0.6459272,Sauron
0.33931524,-0.793756,0.0047574956,0.3201325,0.16123916,-0.15461697,-0.35458237,0.17759843,-0.3322436,0.39017892,0.6802477,-0.6056076,0.09828488,-0.17622976,-0.15397511,-0.3144982,0.058339704,-0.66317606,0.7079259,0.72564906,Denethor
0.36982998,-0.6682455,-1.5859567,0.7752417,-0.43010166,0.15021141,-0.34419253,-0.083154954,-0.3964352,0.028948817,-0.03252953,-0.27544096,0.050077386,0.01771885,0.17197838,-0.5622921,0.1114493,-0.04657609,0.4906388,0.64307415,Legolas
-0.42670214,-0.23941313,0.073656105,0.13457812,-0.19035982,-0.06499549,0.25712925,-0.16554253,0.37773725,0.8526259,0.039293423,0.4077923,-0.13257377,0.66717887,0.12909079,0.002581508,-0.325192,-0.59821457,-0.28898877,-0.2958693,Erestor
-0.63971096,0.52978015,-0.19495395,-0.27229053,0.1498189,-0.00478254,0.18484253,-0.3572996,0.41661763,-0.82827306,0.1173539,0.2560789,0.048959646,0.3085655,0.17641386,-0.8428714,-0.5065002,0.23690683,-0.5717639,-0.07151533,Thror
-0.355551,-0.23234385,-0.120222956,0.023318578,0.10382537,0.10347055,-0.0958601,-0.19468017,-0.42005628,0.24144505,0.64389634,-0.6532824,0.20128602,0.12280293,-0.15355355,-0.17360836,-0.34057936,0.02937355,0.00052498316,-0.22814041,the Company
-0.15073003,-0.57737374,-0.17757836,0.02261277,0.1605838,0.13763797,0.2281706,0.19080858,0.045521304,0.18746921,-0.049550172,-0.17089477,0.34461033,0.05437694,-0.08347149,-0.2189226,0.08739341,0.14760293,-0.64617085,-0.05452535,Bill
0.36368454,0.16517402,-0.072944015,0.0668275,-0.28220013,-0.13708638,-0.16695292,0.503727,-0.07884447,-0.0705154,-0.050683785,-0.54588526,-0.62504107,0.65114844,-0.56903034,0.25604215,0.2578254,0.057206452,-0.5124313,0.63010293,the Dwarves
-0.8301284,0.06550833,-0.6153465,-0.5508578,0.44151303,0.54905415,0.17310712,-0.35751563,0.57916254,-0.92953,-0.026176777,0.58436036,-0.14860108,-0.26507086,-0.055190533,-0.8943165,-0.76392657,-0.10022463,-0.40568802,0.74025923,Thorin
-0.6751761,-0.3689118,-0.3439518,-0.2851781,0.123737276,0.22146346,-0.058552165,-0.36766165,0.18124047,-0.19369666,-0.23149914,0.029903058,0.059555523,0.07043554,-0.043661628,-0.51785237,-0.46327016,0.027041646,-0.4532471,0.262478,Durin
0.3365652,0.23379746,-1.0998299,0.31161207,-0.3941713,-0.3222613,-0.20658205,-0.16042408,-0.21544778,0.45703104,0.52928597,-0.4040174,-0.10456888,0.51353383,0.08744346,-0.34167847,0.1259124,-0.13777378,0.29966822,0.16645339,Lothlórien
-0.1009903,0.11555119,0.010264017,-0.11675688,0.3029175,-0.9856139,-0.098897055,-0.49193767,0.58068615,0.46621543,-0.7699815,-0.22090188,-0.37857312,0.007832803,-0.24526319,-0.4426707,-0.40542823,-0.3021958,0.6289773,0.018788569,Lórien
0.41246852,-0.013705543,-0.9043623,0.17959964,-0.7229244,-0.082853965,0.24220555,-0.6872279,-0.4116349,0.4959735,0.12615645,0.78222036,-0.36573157,0.11885669,0.044068076,-0.19341654,0.41658396,-0.3724779,0.5726107,0.25156632,Haldir
0.10541731,0.31891486,-0.6929706,0.17832021,-0.13489169,-0.37055397,-0.38253596,-0.5414375,-0.2713534,0.08997499,0.088269055,-0.38267767,0.4289921,0.42234436,0.17641848,-0.506602,0.049642526,-0.10971272,0.24766229,-0.0035224576,the Galadhrim
1.1026937,0.2920164,-1.4103669,0.66326475,-0.0061242273,-0.6614172,-0.59650475,-0.14089523,-0.065019816,0.032043386,0.011382577,0.23695263,-0.23035786,-0.26326445,-0.06212555,-0.5830317,0.82746875,-0.8013111,-0.42524746,0.1711051,Galadriel
0.47239253,-0.1747828,-0.66631114,0.37199727,-0.37863234,-0.0530411,-0.22801737,-1.1547445,0.5308086,-0.4739953,-0.21243185,0.002293493,-0.092756435,0.32973486,0.30164874,-0.6245158,0.19613354,0.07997769,0.12287539,-0.09658097,Celeborn
0.23505875,0.2440299,0.04551463,0.25512803,-0.33633396,-0.05180484,-0.33015773,-0.9912734,0.51072043,-0.28247985,-0.22987132,-0.090407714,0.29156214,0.39562905,0.3965202,-0.35752976,0.1114722,0.09541116,-0.09367989,-0.4670578,Lady
0.27513358,-1.0530934,-0.25522098,0.6308922,0.35852596,0.3057928,0.36133143,0.18895465,0.85934734,-0.066756636,-0.03424002,0.26282278,0.4781686,-0.13591045,0.027564792,-0.5572847,-0.008319247,0.035653077,0.0729416,-0.24876781,Eomer
0.09426457,-0.5029069,-0.14970466,0.11575164,0.2164047,0.010212906,0.48986977,0.12300382,0.5005083,-0.074165866,0.106882565,0.23804888,0.5314907,0.028162347,-0.1230001,-0.52221006,0.09129946,-0.053127743,-0.28108212,-0.10861378,Thengel
0.17878391,-0.7339979,-0.14161798,0.35038668,0.57237864,0.26015136,0.32659838,-0.022491347,0.48225302,0.18427964,0.11420485,-0.14752923,0.30720198,0.15215176,-0.12764573,-0.3520519,0.109491445,0.07723564,-0.32561895,-0.091826476,Shadowfax
0.011239197,-0.19942516,0.13385308,0.54788995,0.17742385,0.116607085,0.047523808,-0.097535625,1.3731614,0.15200791,0.19443414,0.39144322,0.60583127,-0.2636179,-0.10452452,-0.4203576,0.07169549,0.18920614,0.4527462,-0.43261585,Hasufel
1.7559314,-0.5487704,-0.041965615,0.4200015,0.62842643,0.3925757,0.23500457,0.22774689,-0.06616255,0.15104733,-0.1687708,-0.30952695,-0.45382679,-0.17077889,1.1037062,-0.4824098,-0.14620721,0.050164506,-0.3341352,0.42242718,Saruman
0.7083594,-0.03234212,0.20553349,0.07849824,0.75636184,0.53042245,0.08202056,-0.49179098,-0.058743898,0.055445034,0.25016454,-0.28633875,-0.20126633,-0.20417789,0.31839868,0.22377484,-0.5044395,0.20021954,-0.034851305,-0.13543151,Grishnakh
0.37734112,0.0435122,0.10766462,0.5633249,0.5972166,0.30220848,0.37367415,-0.44295543,-0.60725254,-0.16641295,0.32652813,-0.10781735,-0.076424815,-0.17601168,-0.18556993,0.2666642,-0.63043255,0.4308692,-0.015644815,-0.23077635,the Isengarders
0.8492444,0.015181091,0.28210172,0.4463636,0.73580503,0.4225762,0.4798637,-0.5134741,-0.43470088,-0.06851533,0.21900414,0.008955682,-0.019986318,-0.15616915,-0.0929022,0.1459196,-0.8913039,0.3107831,-0.14177582,-0.2034843,Ugluk
1.1716349,-0.7041218,-0.69496244,-0.15406165,0.3371586,0.5131095,0.20771395,-0.42469275,0.262892,-0.33775964,-0.22867848,-0.44770017,0.18553698,0.0892589,0.2559252,0.26794326,0.13478997,0.6078876,0.32545313,0.115659215,Ents
1.1537008,-0.51703715,-0.57690114,0.10770078,0.29071882,0.48491982,0.3088014,-0.21441057,-0.085409105,-0.5571016,-0.269974,-0.22980845,-0.06965337,0.057517953,0.27957976,0.045255087,0.2214523,0.5689391,0.32711035,0.195034,Treebeard
0.6169709,-0.178799,-0.13800316,-0.32484335,0.06252418,0.30289334,0.2720867,-0.4443874,0.33124834,-0.21352914,-0.1486036,-0.4181476,0.5586471,0.22453132,0.035003662,0.31025052,0.06818747,0.73075914,0.1464546,-0.089541554,the Entwives
0.6137912,-0.024893498,0.21859008,0.36187848,0.68577474,0.41863322,0.36744884,-0.029504538,-0.25085834,-0.64127594,-0.7080198,-0.22672802,0.2726632,0.6423018,0.40373158,0.054706402,0.038172517,0.27395654,0.043520935,-0.0751939,Bregalad
0.6685213,-0.042703066,0.25073487,0.18467177,0.66084707,0.4755189,0.3093312,0.23097645,-0.2739379,-0.4796676,-0.6321526,-0.23704478,0.09442524,0.59428215,0.6013248,-0.15309826,0.0459413,0.27004132,-0.2747939,0.07494741,Quickbeam
0.14056487,-0.8270825,-0.31817517,1.274929,0.19438787,0.119886264,-0.050402384,0.84670144,0.05063398,-0.20751011,-0.20365994,0.34496248,0.83405,-0.1542528,0.7862302,-0.07369368,-0.2462655,0.076135226,0.489252,0.18020205,Théoden
0.026729794,-0.35924193,-0.2538597,0.3107694,0.6019713,-0.036203545,-0.5588003,-0.0011856304,-0.30324876,0.27840748,0.19614865,-0.38252372,0.302533,0.17957571,0.4625769,-0.08256589,-0.011684446,-0.30010533,0.51990485,0.46692154,the Rohirrim
0.0110311005,0.1293841,0.31388173,0.5024557,0.17172274,-0.11708504,0.030265037,-0.1052229,1.044617,0.03762767,0.09757691,0.3997541,0.6585768,-0.24119796,-0.2750536,-0.100304216,-0.16122863,0.22028477,0.4237756,-0.5939658,Arod
0.26808336,-0.52211654,-0.32202974,0.54407126,0.16931869,0.19505928,0.32947308,0.42479098,0.3902968,-0.0038723205,-0.21078977,0.32248968,0.13802996,0.0465368,0.6552432,-0.2064982,-0.15840705,0.074451886,-0.0058289384,-0.14570123,Grima Wormtongue
-0.102809675,-0.6436025,-0.1771679,0.61750734,0.10618366,-0.081220716,0.13662556,0.31720397,0.18374851,-0.4103568,0.04358422,0.19046454,0.73875546,0.25728306,0.45029828,0.14745547,-0.22864541,0.16766523,0.31252587,-0.22923908,Hama
-0.1541213,-0.60249275,-0.086713135,0.80021346,-0.07336404,0.07508872,-0.17093045,0.49258596,0.018452603,-0.48968247,-0.06943684,0.18059456,0.66193455,0.043585535,0.41022003,0.13555774,-0.33767408,0.20065393,0.5730023,-0.3904364,Eorl
-0.022554692,-0.36733618,-0.08455806,-0.061103545,0.43829048,0.004413776,0.32557276,-0.017099157,0.12258287,0.098925866,0.15833777,0.0066142986,0.35828215,0.065910935,0.027527757,-0.16073364,-0.19575801,-0.007911319,-0.37053603,-0.098774746,Erkenbrand
0.6754602,0.021879291,0.37618718,-0.05001398,0.14739066,0.25344947,0.23050772,0.102105685,0.22741476,-0.013254073,-0.034816016,-0.2000535,0.15472311,0.2970613,0.45377803,-0.2875181,-0.23165044,0.20072858,-0.27169058,-0.043862626,Gamling
0.7301629,-0.21993853,-0.24174069,-0.3190938,0.2313778,0.28286862,0.36172265,-0.32294226,0.08778563,-0.4191732,-0.2018915,-0.29458335,0.34144494,0.185425,0.0005086204,0.32853797,-0.11734407,0.753429,0.21265958,-0.22504164,Huorns
0.27301753,-0.6073853,-0.46919748,0.02650708,-0.010057291,0.08527585,0.51753217,0.57230544,0.30194533,0.7574029,1.0449964,-0.52626073,0.062508,-0.46116537,0.14367318,-0.158806,0.39726385,0.06938285,0.40855697,0.5544505,Faramir
-0.17134121,-0.075983554,0.08498257,-0.3161296,0.17791222,0.06872054,0.4673436,0.6327865,0.004384108,-0.04007825,0.6066151,0.15839636,-0.8302173,-0.24482805,-0.19360755,-0.25345552,1.3789142,0.3584977,0.5868402,-0.4850896,Mablung
-0.0907965,-0.0384508,-0.17408381,-0.259697,-0.118066356,0.020511046,0.57862544,0.4831955,0.25870374,0.35448936,0.49182472,-0.55764437,-0.26573488,-0.24672616,0.20893197,-0.32878864,0.4805589,0.38446668,0.16814415,-0.330657,Damrod
-0.091981895,-0.65728545,-0.056256443,0.6989,0.34380913,0.070044756,-0.284845,0.17536329,-0.35332814,0.18489708,-0.020800477,-0.050658815,0.50301534,-0.13606246,0.5665856,-0.5118255,-0.106682755,-0.347796,0.44042397,0.37998515,Isildur
-0.3068818,0.3411697,-0.2667931,0.25387642,-0.11140633,0.2271735,0.29188588,0.108916506,0.22343455,0.7508177,0.35909992,-0.13380976,-0.35861677,-0.30338898,0.48111233,0.06541336,-0.265115,0.14222346,-0.29914555,-0.18701749,Anborn
-0.08998751,0.60193694,-0.2945275,0.12946333,-0.024151478,0.45394814,0.33249155,-0.19197792,-0.6070232,0.683838,0.12858708,-0.6097274,0.038964417,-0.6853706,0.65509355,-0.42004612,0.25257787,0.30976942,-0.22854874,-0.03417275,Shagrat
-0.19569,0.2602988,-0.2908447,0.39752838,0.07135479,0.4505503,0.33620656,-0.051645074,-0.3552541,0.5460601,0.2635684,-0.51857275,-0.11696993,-0.47718868,0.58557475,-0.10549071,0.23138167,0.3429677,-0.32595894,0.22956462,Shelob
-0.041462883,0.42802623,0.034148782,0.019659167,-0.00029385474,0.4768132,0.0324782,-0.11166849,-0.45016667,0.38585988,-0.22534192,-0.4408047,0.23031968,-0.46639094,0.5313862,-0.25723508,0.2607963,0.37953055,-0.04912606,-0.08226724,Gorbag
0.021672342,-0.47944984,-0.2757198,0.4214711,0.23007339,0.020541543,0.081248,0.041495364,0.1698718,0.58629495,0.5627356,-0.36355814,0.14728284,0.01551997,0.2512201,-0.5017283,0.14448917,-0.39849633,0.263136,0.33051255,Beregond
0.026594566,-0.21083774,0.2867186,0.110307276,0.6019401,0.26240873,0.20262913,-0.3358135,0.1845519,0.31133425,0.050385293,-0.321626,0.027254054,0.05940837,0.25107345,0.045241114,0.023467204,0.0057838354,-0.040472392,0.043197878,Bergil
0.058875814,-0.6189171,-0.5534232,0.62080956,-0.60921675,0.15580778,-0.51435167,-0.3744945,0.21969093,-0.10740527,-0.21035837,-0.13660057,0.017182708,0.3613687,0.03690581,-0.7100305,-0.13167113,0.30393222,0.024467142,-0.077991486,Elladan
0.09157684,-0.5773477,-0.45556983,0.5898682,-0.5611297,0.25679067,-0.7593746,-0.5452574,0.3210622,-0.032908015,-0.31795648,-0.16847251,0.0051424783,0.35387608,0.1707131,-0.6297742,-0.09676804,0.16866247,-0.053762086,-0.08392215,Elrohir
-0.03700433,-0.28682762,-0.08417968,0.22752883,0.4148361,0.23383248,-0.30021292,0.52079356,0.23808125,0.29750657,0.07649867,0.15024787,0.6311193,-0.16514494,0.44729263,0.5589566,0.066341355,0.24501914,0.34075043,0.010432372,Snowmane
-0.29986355,-0.71335363,-0.48313335,0.56713057,-0.5729855,0.32159755,-0.5765882,-0.1521115,0.09122917,0.14095311,-0.32442105,-0.2063487,-0.15350288,0.23021324,0.28690726,-0.4744897,-0.20287849,0.30346292,-0.077645175,-0.25833848,Halbarad
-0.09996939,-0.7602074,-0.6535017,0.8417319,0.45641306,0.09337281,0.09121582,0.40513247,-0.26191825,0.4873053,0.12432088,-0.29336214,0.2444816,-0.14480245,0.5391424,-0.38514507,0.05832337,-0.0045675077,0.20482442,0.37494028,the Dead
0.18943138,-0.28085932,-0.10336092,0.62730855,-0.13545023,0.17377542,-0.12388539,0.3537855,-0.1746563,0.046903808,-0.48027635,0.1405307,0.37454316,-0.3967759,0.3686566,-0.5607977,-0.15593466,-0.032065175,0.47063935,0.6723987,Elendil
-0.35826635,-0.6662088,-0.12908593,1.000178,-0.36698064,0.027857406,-0.30640295,0.35276765,-0.14455453,-0.23283479,-0.39469963,0.15462609,0.48448735,0.21459062,0.41616124,0.0338242,-0.5859634,0.31221312,0.078642815,-0.4512773,Helm
0.12622711,-0.7696242,-0.18606567,0.36493382,0.37968445,0.21356943,0.033789117,0.663874,0.3786411,0.352174,0.36182675,0.021877296,0.6088672,-0.061738852,0.3528738,0.29100272,0.09953192,0.16412817,0.1815696,0.4194174,Éowyn
-0.22484398,-0.24049237,0.3826447,-0.09820262,0.15637103,-0.035466123,-0.27119318,-0.14927872,-0.2875695,0.058040164,0.33493876,-0.5825917,0.46431956,0.13819562,-0.02754181,-0.16659555,-0.15763065,-0.35172623,0.43084756,0.17793918,Hirgon
0.080829576,-0.47009742,-0.02618775,0.051141962,0.62053406,0.16394132,0.36619312,-0.17613506,0.033220544,0.13995348,0.011991872,-0.2502414,0.25684255,0.117590845,0.14912616,0.04976125,0.0030718173,-0.08633158,-0.19451891,0.0861908,Ingold
-0.57928556,0.4372414,0.6184714,0.5119,-0.043073304,0.46557426,0.7911755,0.5445876,-0.2832054,-0.23043181,-0.5975602,-0.09758652,0.55282205,0.5025246,0.348361,0.22183384,-0.39697817,-0.22802527,-0.0058718263,-0.73830974,Wild Men
-0.6137784,0.48405322,0.60142404,0.46114695,0.118424155,0.47153622,0.8397389,0.55277044,-0.4573126,-0.17062336,-0.39393404,-0.08503157,0.46505392,0.5803843,0.49004298,0.34765992,-0.36644772,-0.065109394,-0.28049716,-0.8369113,Ghân
6.339257e-05,-0.4911433,0.021795357,0.44791988,0.22718142,0.029231964,-0.05812343,0.42667294,0.2301202,-0.304829,0.08311715,0.21248507,0.45186323,-0.03707496,0.523505,0.37362623,-0.36852512,0.15319271,0.57234406,-0.30306062,the Shadow
0.21078615,-0.5952078,-0.26632497,0.45202523,0.2535392,0.30451563,0.18226099,-0.005939641,0.27216494,0.46820384,0.43974048,-0.35034823,0.2635157,-0.15324564,0.11952917,-0.2890542,0.3112084,-0.0106826,0.011781311,0.37390238,Imrahil
-0.09504849,-0.5245264,-0.017462572,0.0704596,0.09723492,-0.18140998,0.4870839,0.32907254,0.43966106,0.32697707,0.50473475,0.042449944,0.6149703,0.1467732,0.08001457,0.24111171,0.08067192,0.21060406,-0.09776644,0.3247246,Meriadoc
0.11634407,-0.38587683,-0.03699785,0.15610838,0.36933002,-0.08711608,0.25004035,-0.17818677,0.44992283,0.36429253,0.3764404,-0.26952735,0.37613982,0.16525146,0.24383311,-0.014920019,0.15511566,-0.0027067629,0.11950536,0.24284172,Ioreth
-0.16599888,-0.5693188,-0.7594694,0.2653075,-0.20002021,0.1416055,-0.055741623,0.0397927,0.03588117,0.11177822,0.0905952,-0.010438909,0.16777626,0.16457048,-0.053292286,-0.18279353,-0.17468978,0.07712885,-0.031195862,0.2672546,the Prince Imrahil
-0.23133138,0.73766214,0.04364457,-0.05922158,-0.0731335,0.38237,0.07523699,-0.49453297,-0.50103855,0.5340685,-0.01605136,-0.59174204,0.24881694,-0.3990514,0.28338966,-0.29622498,0.050396577,0.4145131,-0.05391604,-0.2097356,Snaga
0.12302362,-0.2921497,0.020874443,0.12323849,0.1848251,-0.13395657,0.4426053,-0.068040796,0.013820362,-0.0017628921,0.0038056038,0.034236893,0.46639505,0.11004613,0.09024113,-0.12044035,-0.1865872,-0.16104296,-0.07430027,-0.02244143,Gwaihir
0.372736,0.053548656,0.16748305,0.02414129,0.38666475,0.04621271,0.3705066,-0.18543948,0.17826186,0.3844494,0.101239994,-0.18204205,-0.341032,0.2280135,0.69768304,-0.2563975,0.11414804,-0.24558492,0.039511815,-0.077064104,Lotho
0.085216336,-0.14990152,-0.08928987,-0.23273225,0.3791899,0.40992698,-0.21190417,-0.10594884,0.0035586872,0.3604279,0.14641982,-0.41295415,-0.030002592,-0.09491964,0.4496946,0.06495129,0.29247996,0.23150466,0.1700782,-0.22587265,the Shirriffs
0.030920029,-0.2029914,-0.037503142,-0.2427166,0.3513339,0.35400423,0.0572388,-0.021858755,-0.10067605,0.5992322,0.23830019,-0.49249583,-0.40909097,-0.16680302,0.7599345,0.0018165655,0.036966097,0.16787598,0.107652806,-0.08777789,Rosie Cotton
-0.085912555,0.591324,-0.40038487,0.18200815,-0.069088176,-0.055954993,0.34128657,0.2565065,-0.12973435,0.19312799,0.25960258,-0.18322839,-0.25775957,0.14587209,0.54267865,-0.28840896,-0.46477717,-0.38772196,0.26209253,-0.5640735,Farmer Cotton
-0.0026482497,0.76551193,-0.3450512,0.18011147,0.02674652,-0.26654413,0.46725044,0.16025956,-0.24084842,0.31146505,0.27321258,-0.1911796,-0.20110415,0.10820525,0.6938666,-0.3010312,-0.2939576,-0.2870217,0.29768026,-0.6725327,Pimple
0.43783456,0.056294512,0.21617463,-0.57503533,-0.2672201,-0.5663885,0.23097394,0.31956407,0.1106624,-0.04445308,-0.79019463,-0.58544284,-0.14401962,0.23448215,-0.3059319,0.50117874,-0.38419482,0.0357704,0.1865843,0.3565432,Aulë
0.35701674,0.24740909,0.14513338,-0.34305656,-0.21318878,-1.2083173,-0.16833396,0.62684923,-0.08072053,-0.25425217,-0.9199073,-0.0368242,-0.94833493,-0.08078475,-0.109484695,0.5584031,0.38113046,0.0802899,-0.4122618,0.36024094,Melkor
0.50094426,-0.03361447,0.5122389,-0.18261726,-0.37785083,-1.4044409,-0.49564296,0.5006773,-0.50252044,0.24059871,-0.8486172,0.08666605,-0.4518261,-0.8396495,-0.69762236,0.30835533,-0.17439519,-0.39317763,0.05497695,0.6883424,the Valar
-0.15772203,0.07848542,0.27671197,-0.26312697,0.19807427,-0.812809,0.29366797,-0.20378862,0.4883832,0.44420412,-0.699015,-0.48468053,-0.0804098,0.061649986,-0.37074453,-0.014367523,-0.2131282,0.06722485,0.69538873,-0.050393302,Nienna
-0.13798063,0.19836557,0.36015204,-0.16234764,0.26813018,-1.2265142,0.03949008,-0.42350385,0.56347567,0.6244064,-0.64380145,-0.34231266,-0.23189689,-0.031354513,-0.24693726,-0.07129061,-0.33666563,0.078926675,0.5152984,-0.07089574,Estë
-0.013322706,0.03896327,0.3296813,-0.5111607,0.24348177,-1.1713445,-0.06205275,0.31369147,0.09756334,0.106312536,-0.71614665,-0.72991234,-0.4128351,0.18001203,-0.8257238,0.44555387,-0.39158967,-0.40734142,0.6377388,0.33413082,Oromë
-0.031222021,0.020537265,0.322731,0.20105687,-0.29151514,-0.7349289,-0.31420913,0.32101053,-0.2675152,-0.28411245,0.010356795,-0.3500107,-0.09405456,-0.88382816,-0.5508338,-0.09769699,-0.4436511,0.299919,-0.23514567,-0.08005696,Eönwë
0.39809337,-0.013090737,0.33302537,-0.6302935,-0.6947875,-0.26660615,-0.018581286,0.37073082,-0.23098987,-0.08032331,-0.3183074,-0.36002168,0.37827232,0.056091636,-0.10310235,0.10570612,-0.57713336,-0.05477863,0.18084645,0.06174373,Ossë
0.86507905,-0.004894855,0.4994124,0.16152953,0.14266823,-0.8609075,-1.1021143,0.43158728,-0.7947866,-0.32344392,0.4915655,0.27735573,-0.6266938,-0.9190073,-1.9499192,0.3040939,0.8821718,-0.36405277,0.42374521,0.6666885,Morgoth
-0.08570494,0.09951154,0.18977906,-0.24921615,0.16550116,-0.5821369,0.15862997,0.32110873,-0.017546019,0.01127804,-0.4978894,-0.40082124,0.1103372,0.5419191,-0.03296247,0.36970383,-0.061829574,0.17484373,0.0011546342,0.13249071,Almaren
0.0852407,0.43518505,0.15767482,0.5480888,-0.027433459,-1.1347427,-0.47505462,0.3997841,-0.26406774,-0.1400136,-0.33316287,-0.08174939,0.014791831,-0.9391196,-0.25798598,-0.28663027,-0.20346077,0.5808781,-0.42346764,0.17158712,Valinor
0.3726242,0.22097799,-0.16529493,-0.58779484,-0.19087863,-0.57910854,-0.14842765,0.16789368,-0.12190669,-0.22598828,-0.20433106,-0.52899534,0.18926957,0.56925297,-0.5720073,0.28456008,-0.5889615,-0.42117274,0.11819165,-0.5195543,Ingwë
0.33860245,0.054013964,0.15216851,-0.3562305,-0.048190743,-0.596156,0.023956165,0.76861143,0.09473211,-0.186908,-0.39396542,-0.23120564,-0.4414874,-0.0020919435,-0.4456795,0.30610502,-0.023810197,-0.046786655,0.06482611,0.13404186,the Trees
0.31699112,-0.120094344,0.3351033,-0.4697617,-0.38315627,-0.5694852,-0.43506396,0.5277555,-0.26670957,-0.47653443,-0.37731674,-0.5125306,-0.20550188,0.024973148,-0.42354807,0.33973813,-0.7797268,-0.3941534,-0.1121958,-0.29004356,the Teleri
0.5616421,0.05202071,-0.047482595,-0.54053605,-0.21515939,-0.68682545,-0.111988,0.33443624,0.19272268,-0.43823946,-0.6789233,-0.31349653,-0.28092924,-0.24262212,-0.6409708,0.55308926,-0.18232323,-0.27600706,0.5053609,-0.25025922,the Vanyar
0.43507436,-0.08778131,0.429253,-0.6004936,-0.2525653,-0.45482308,-0.29857346,0.27912065,-0.31305668,-0.24751042,0.20722902,-0.21333107,0.47225407,0.30612078,-0.1634105,-0.056264225,-0.7947035,-0.6015548,-0.45007738,-0.49714088,Elwë
0.8868637,0.030594533,0.46863106,-0.7239868,-0.7395232,-0.68574756,-0.17030579,0.18118808,-0.36691576,-0.38038784,0.109712645,0.31340605,0.012975521,-0.28654203,-0.19322997,0.19175734,-0.5088862,-0.8179248,-0.18099305,-0.12974273,Ulmo
0.9454474,0.6186179,-0.37833497,0.13979577,-0.3591858,-0.15254939,-0.02768652,-0.10126317,-0.05434259,-0.5179414,-0.40969658,0.34849277,-0.15755357,-0.29495218,-0.77430034,0.8372569,0.2960859,-0.61432934,-0.36299056,-0.272574,Fingolfin
0.47459897,0.6358609,-0.56731343,0.14903578,0.012989413,-0.20961039,-0.29195365,0.0538089,-0.14783165,-0.48237067,-0.048107296,-0.053770322,-0.4049945,0.40388185,-1.0892447,0.42274114,0.536608,-0.46572956,-0.038996194,-0.41206324,Finarfin
0.33636346,-0.055291887,0.03536693,0.7960966,-0.5520745,-0.39169472,0.062206347,0.29591304,-0.25309905,-0.28470284,-0.0015553749,-0.2293663,-1.0048167,-0.6768977,-0.95503247,0.65529007,-0.0185241,-0.46590003,-0.19860768,0.25630823,Maedhros
0.042738277,-0.084443755,0.33041766,0.5966515,-0.3682952,-0.18446329,-0.09748244,-0.06640321,-0.08394771,-0.36911818,-0.06986435,-0.5626529,-0.7329978,-0.8551158,-1.0172757,-0.028162003,-0.24332477,-0.42222208,-0.27389255,0.07087826,Maglor
-0.42223516,0.28876123,0.4185901,0.5051555,-0.25726774,-0.22368695,-0.081141,0.046175938,-0.02257986,-0.45557413,0.09315329,-0.5174505,-0.7293038,-0.124886215,-0.5855034,0.6733457,0.6248845,-0.89209634,0.03874101,0.08327876,Celegorm
0.14784361,0.27893415,0.15850595,0.6499346,-0.41538882,0.20238934,0.3011046,0.009076248,-0.061373577,-0.033268783,0.1137438,-0.44306153,-0.4590573,0.19522412,-1.214505,0.52331245,0.043223444,-0.2933361,-0.5957639,0.44941103,Caranthir
0.041796707,-0.06947281,0.43663868,0.47725105,-0.80368125,0.12019096,0.31547835,-0.07082472,-0.013371082,-0.2736606,0.11514018,-0.80000424,-0.17441788,-0.40457055,-0.6384689,0.4339911,-0.12029187,-0.27875885,-0.14431053,0.2930957,Amras
0.61433417,0.301953,-0.33486432,0.31259963,-0.74358577,-0.324657,0.113995485,-0.057274688,-0.46089512,-0.036352687,-0.027407898,0.9941083,-0.6454133,0.048472963,-0.713705,0.45801494,0.2674622,-0.6001271,-0.20704535,-0.082251415,Fingon
0.8704559,0.18368424,0.14911678,-0.21230945,-0.467611,-0.6834947,-0.18204375,-0.22662789,-0.37832364,-0.574438,-0.38265744,0.73343354,-0.39428058,-0.5687541,-0.04374247,0.72466993,0.74793035,-0.76109195,-0.3227719,0.20442645,Turgon
0.29153755,0.68258196,-0.28742784,-0.032684974,0.3863215,-0.181867,-0.500268,0.26527646,0.14757742,0.021225363,-0.03495065,-0.09560279,0.3318052,-0.30575457,-0.79692477,0.33206627,1.2248477,-0.7502452,-0.25605452,-0.2826395,Felagund
-0.033865403,0.657972,-0.24273108,0.27392375,0.08889077,0.19422966,-0.23843038,-0.5624354,-0.23287304,-0.16811208,0.04708254,0.05525043,0.020712854,0.044114694,-1.188037,0.43888465,0.6594784,-0.03910262,-0.07782284,-0.4756959,Orodreth
0.37618512,0.7505788,-0.6022641,0.24040864,0.042325098,0.11053299,-0.13721943,0.18871108,0.012940438,-0.06657503,-0.21888275,0.1535797,-0.24480449,0.31748855,-0.84513503,0.45058975,0.4353136,-0.32292402,-0.48477823,-0.39380437,Angrod
0.2777642,0.5699336,-0.6322412,0.030223293,0.15939175,-0.011219751,-0.49996468,0.108070105,-0.112743795,0.20566493,-0.20557104,0.16822706,0.4127084,-0.26707584,-0.7859699,0.26332742,0.3451933,-0.37906736,-0.31932095,-0.7033935,Aegnor
0.21663518,0.4156647,-0.026413595,0.11786144,-0.15464656,-1.275192,-0.364534,-0.0754703,0.04611168,0.043718114,-0.48378214,0.2601253,-0.05395705,-0.59417707,0.32782423,0.3075299,0.2490038,0.1717347,-0.4950084,0.28329384,Laurelin
0.084189445,-0.021262672,0.77877414,-0.15451752,0.40803093,-0.662845,-0.029902441,-0.5424055,0.42529717,0.75421363,-0.7520117,-0.0015883857,-0.010157955,0.27484202,-0.15796757,-0.44592372,-0.31796917,0.23240025,-0.06538169,0.06364498,Míriel
-0.2751377,0.5065184,0.57699996,0.58154416,-0.4626375,0.13523848,-0.295851,-0.047705606,0.24130438,-0.46934196,0.44166428,-0.587798,-0.61360687,-0.33538255,-0.5934907,0.72014546,0.90937626,-0.6461399,-0.1526953,0.18853064,Curufin
-0.19608447,-0.10810614,0.4280981,0.36349848,-0.87468266,0.26077384,0.21706662,-0.053768024,-0.007852539,-0.25793895,-0.0453103,-0.7780297,-0.16011527,-0.21157537,-0.6600231,0.119315386,-0.12783226,-0.11448122,-0.26762435,0.319115,Amrod
0.50233567,0.54515225,-0.19475038,0.22364627,-0.107178256,-0.39070854,-0.2879465,0.6226276,-0.012924231,-0.5963682,-0.2039665,0.061708234,-1.0258292,0.028409766,-0.62943023,0.7274914,0.34712917,-0.7942634,-0.30722016,-0.13328208,Fëanor
0.7085005,0.52825886,-0.33591983,0.44550923,0.1726947,0.022305105,-0.40292612,0.17642227,-0.08266471,-0.53608173,-0.0069511887,0.408674,-0.65896225,0.2288132,-0.77449864,0.23245929,0.28748214,-0.5725737,-0.58992565,-0.43075392,Finrod
0.52999276,0.2688594,0.24336775,-0.17490514,-0.028244255,-0.13154076,0.2547446,-0.26922557,0.039898396,-0.29586425,-0.5374766,-0.04307481,0.15299204,-0.01479442,0.008804204,0.6117847,-0.09319247,-0.123448126,0.043584432,0.06749764,Tirion
1.1275973,-0.3456227,0.110143796,-0.12473881,-0.116472654,-0.38132966,-0.49709547,0.32713652,-0.37817588,-0.5161474,0.56584966,0.51215136,-0.024139814,0.101412885,-0.012596331,-0.45892212,-0.09605623,-0.7070685,-1.0283716,-0.07391947,Círdan
0.268776,0.1653707,0.36245874,0.24437793,-0.16776949,0.2565419,0.21915276,0.4497811,0.0119165,-0.13690828,-0.049611825,0.0047390983,-0.63489056,0.5109533,-0.5440926,0.4922516,0.20025721,-0.10920828,-0.39038572,0.17058848,Nogrod
0.27173612,0.31261912,0.29862732,-0.021045107,-0.16704313,-0.030555576,0.14840361,0.5449171,0.07819099,-0.099447526,-0.39600673,-0.31710926,-0.46526927,0.6305443,-0.6474242,0.19481869,0.4401889,0.22989616,-0.3212281,0.6082879,the Naugrim
0.255588,0.45446697,0.87784976,0.13613041,-0.51734287,-0.1410143,-0.29370767,-0.24509087,0.061654817,-0.61691546,0.14191014,0.3206739,-0.34333363,-0.24682696,-0.13695128,0.8442153,0.44277483,-0.7158927,0.12387957,0.321266,Maeglin
0.16484271,0.6645963,0.1970469,0.3163056,0.1291514,-0.3505212,-0.14322273,0.38441905,-0.04745794,-0.17713043,-0.04953273,0.22601043,-0.2958074,0.7462857,-0.5284761,0.0048493138,0.9329151,-0.038715955,-0.048714194,0.44053316,King Thingol
0.26692927,0.25016242,0.33074975,-0.25694403,0.21233645,-0.064293,-0.19535805,0.9311525,-0.15416749,-0.6863617,-0.018508978,0.3191033,-0.99854565,0.606268,-0.5510955,-0.112170234,1.076652,0.09719244,-0.23380499,0.01957586,Menegroth
-0.22408402,0.4413482,0.10904539,0.25417715,0.0769879,-1.2407391,-0.35786343,0.08767605,0.15929645,0.30504057,-0.60582983,0.13483569,-0.09104744,-0.36231905,0.23865356,0.4161917,-0.18375896,0.6603602,-0.5578734,0.23449177,Arien
-0.21791244,0.20726593,0.32186025,0.08959335,0.21689789,-1.3958805,-0.26695824,-0.2994696,0.42076123,0.42940336,-0.82192004,0.04396008,-0.14948706,-0.4599008,0.07172794,0.20539711,-0.3310905,0.29197955,0.10076597,0.040646564,Tilion
-0.42600077,0.44949418,0.21721575,0.24237032,0.16518855,-0.8809587,-0.2698367,-0.106957294,0.19444399,0.37897757,-0.27934793,-0.08525335,0.07618223,-0.4271341,0.16312698,0.052468468,-0.39256513,0.6534619,-0.36569196,0.027282856,Anar
0.403349,-0.4751652,0.6059708,-0.4596284,-0.63837826,-0.33109438,-0.52066344,0.2164273,-0.21364227,-0.58185494,0.29448074,-0.012863583,-0.41399446,-0.8158352,-0.0031559425,-0.14318909,-0.05933657,-0.25895077,-0.09545851,-0.21131915,Eärendil
0.18812254,-0.61547816,0.6252224,-0.17053889,-0.9579244,-0.041142605,-0.15795629,0.012435151,-0.10474403,-0.72925794,0.12181526,-0.32575664,-0.68844914,-0.6291435,-0.109440826,0.04754903,0.2539459,-0.6727408,-0.3445516,-0.18369532,Elwing
-0.03230143,-0.07344488,0.50203997,0.042442273,-0.31675133,-0.13252482,-0.14781082,-0.10929167,-0.37469706,-0.49629235,0.18603651,0.40220502,-0.31058574,-0.24239951,-0.2076858,0.37614527,0.2460038,-0.0053771297,-0.2588395,-0.33661944,Thorondor
-0.21753553,0.055089388,0.3634139,-0.31185058,0.06875262,-0.1228971,0.2371716,0.32406953,0.1725244,-0.1617945,0.085981846,-0.072130784,-0.27752078,-0.10169548,0.06329318,0.13880673,0.6227323,0.27834287,0.38544777,-0.5484558,Daeron
0.07038793,0.4390281,-0.034145765,0.6645467,-0.17629929,-0.1347711,-0.08932656,0.25798982,0.060895603,-0.22767666,0.02129742,0.420147,-0.58546865,0.37806037,-0.6368835,0.50288486,0.348024,-0.35631585,-0.36039364,-0.057085708,Finrod Felagund
0.40208408,0.0874479,0.31617415,0.464341,-0.2563592,-0.21114928,0.04794607,-0.043734416,-1.0337638,-0.15842254,0.35656756,1.5231751,-0.95478284,0.13594592,-0.65584224,0.49402797,0.53261626,-0.056087214,0.33038518,0.39875537,Húrin
0.35848594,0.18182777,0.020646518,-0.037478216,-0.51511234,-0.62045497,0.40202323,-0.33385655,-0.95743036,0.17395352,0.21833485,1.0524063,-0.11576139,-0.07396314,-0.46701553,0.21835892,-0.064238064,-0.50451106,0.09231057,0.17171331,Huor
0.3329158,0.038559616,0.601222,-0.45144004,-0.55688787,-0.5910357,-0.28883982,-0.44974342,0.0038719843,-0.6866507,-0.3620863,0.25241655,-0.24062246,-0.78418857,0.13836733,0.79007524,0.68912435,-0.35405663,-0.06108775,-0.093219884,Idril
0.021213153,0.51557857,-0.031347282,-0.2030727,0.39420256,-0.08293179,-0.35815877,0.25836012,0.1668188,-0.08540075,-0.20672625,-0.18345682,-0.008859994,0.4660532,-0.4337547,0.18904549,0.35688597,-0.00083927624,-0.24144548,-0.47677466,Mandos
0.10343579,0.56908333,-0.52439433,-0.15742347,0.30933133,0.1393356,-0.4292126,0.023616329,0.094781406,0.34166595,-0.16090973,0.12827921,0.7332536,-0.05757432,-0.3250727,0.079606585,0.5381237,-0.58391386,-0.36559534,-0.40599042,King Finrod Felagund
0.03445599,0.5898579,0.72982496,0.35161412,-0.31207886,-0.14701186,0.04694836,-0.7624465,0.21159853,-0.38826808,0.01549446,0.19339725,-0.093197756,0.13971752,0.28180403,0.55486715,0.5778846,-0.6036798,-0.16220734,0.09887999,Aredhel
-0.03340547,0.5562863,0.9437921,0.2546024,-0.23733921,-0.045604397,-0.10016927,-0.63508314,0.34503034,-0.2903197,-0.011046853,0.10585246,0.2560473,-0.1764248,0.45993942,0.727168,0.5294631,-0.40951958,0.031577244,0.1745441,Eöl
-0.27983734,0.22340676,-0.44824478,-0.44230187,0.16626619,0.6161343,-0.52042043,0.11709495,-0.3244855,0.32876343,-0.67538375,0.2933414,1.0485594,-0.55942607,-0.61654586,0.06475466,0.605924,-0.39488062,-0.13210978,-0.4763882,Bëor
-0.09650807,0.08643653,0.029673643,0.04125471,-0.55151707,0.06196854,0.6556384,-0.4263443,-0.45874766,0.3571935,-0.22254117,0.8732269,-0.0062979236,0.19301191,-0.5291902,0.36639348,0.11740487,-0.20077626,-0.0861313,0.18251115,the Haladin
-0.38000378,0.40620208,0.050869644,-0.24666597,-0.0066276593,0.51828426,-0.22998789,-0.059992705,-0.1481458,0.13608965,-0.370684,0.059574038,0.85652107,-0.1096223,-0.1959691,0.10623947,0.24826178,-0.17887753,-0.14089242,-0.41490823,Marach
-0.33692107,0.28736547,-0.021660317,-0.38422704,0.13814083,0.3305305,-0.1800924,-0.18820937,-0.28467155,0.3756065,-0.43805376,-0.06698798,0.98927015,-0.3212078,-0.1989772,0.12242412,0.28003415,-0.15925168,-0.09944289,-0.6001751,Bereg
0.13418852,-0.18255267,-0.22855245,-0.30444214,-0.7824961,0.09838514,0.5125978,-0.14235407,-0.62494755,0.2103337,-0.5632847,0.87082887,0.017694594,-0.6631904,-0.4360988,0.45255858,0.4744409,-0.34137478,0.053433526,-0.06967341,Hador
0.48929635,0.06418328,0.5185733,-0.3466432,-1.057157,-0.3294731,0.4960627,-0.11007292,-0.570145,-0.18924053,0.26272526,0.90306914,-0.0141432835,-0.45590806,-0.16651674,0.41425192,0.49741474,-0.2444696,0.082578816,0.13715255,Tuor
-0.1974563,0.44210944,-0.20781726,-0.35949787,0.35046524,0.026832724,0.05245409,0.14923473,-0.14190724,0.32055858,-0.24750099,0.54479724,0.7658864,-0.114921585,-0.5656507,0.24953766,0.512478,-0.11219053,-0.3680367,-0.8516811,Bregolas
-0.0026063249,0.5127165,0.022683313,-0.36827883,0.22197004,0.2503927,-0.2995525,0.043739326,-0.2294204,0.62152207,0.004227318,0.31206843,0.9374389,-0.29312924,-0.8466772,0.3988025,0.68298614,-0.41768464,-0.19829537,-0.40395695,Barahir
0.04912414,0.05797842,0.13922627,-0.46833628,-0.26252198,0.28997982,0.34867433,-0.024793668,-0.64978665,0.6285154,0.019701794,1.1337566,0.48305398,-0.09020747,-0.58110493,0.2823677,0.5751131,0.023893159,0.052361097,-0.14925778,Belegund
-0.012569017,-0.038720813,0.3649018,-0.39940158,-0.300597,0.16737795,0.45186323,0.24237522,-0.55069155,-0.079910316,0.22911741,0.90148765,-0.42599505,-0.08387956,-0.5445656,0.05244096,0.86218333,0.2851011,0.5040229,-0.094380006,Morwen
0.16433875,-0.06684428,0.3350687,-0.107801035,-0.12892003,0.019986823,0.3223595,-0.044395365,-0.79638237,-0.09187129,0.5712911,0.7404024,-0.57459724,0.34521455,-0.6281903,-0.061341245,1.0510739,0.6444488,0.75649226,0.3183875,Túrin
-0.13116193,-0.589376,0.33196282,-0.3821706,-0.26353142,0.28184903,-0.43493748,0.18088531,-0.5736933,0.1265969,-0.781822,0.11035728,-0.047363658,-0.78880894,-0.52300256,-0.22128928,0.32141644,-0.06694659,-0.11302953,0.14661121,the Edain
-0.05067264,0.39725187,0.26940092,0.28975335,0.2621812,-0.1070174,0.13593373,0.039017387,-0.48521376,-0.3800451,0.5459459,0.7587781,-0.5403485,0.7684803,-0.5738163,0.05214883,0.6632895,0.7742913,0.29527682,-0.07323962,Beleg
-0.57160604,-0.36687702,0.5554326,0.111860834,-0.49097002,0.25057018,0.34662542,-0.5321934,0.23914118,0.34683418,-0.37571093,-0.17932127,0.34831858,0.84880525,-0.15713252,0.6293472,-0.5023605,0.3489903,0.08276531,-0.6472113,Gorlim
-0.62251526,-0.41793522,0.65156305,0.06628591,-0.42011657,0.09928831,0.34515953,-0.6215794,0.083195634,0.2868899,-0.513985,-0.45880646,0.28285584,0.9151114,-0.039668903,0.7804391,-0.5086605,0.4868936,0.0526576,-0.51975113,Eilinel
-0.34911042,-0.17449676,0.5958022,-0.41998476,0.20270494,0.06761145,-0.2470296,0.34735346,0.020227347,-0.52096885,-0.30952117,-0.04376276,-0.46831813,0.024995923,0.11500251,0.019597653,0.59734434,0.2708184,-0.04602702,-0.4078727,Lúthien Tinúviel
-0.49037397,0.50438124,0.7530438,0.30911905,0.38886616,-0.27990332,-0.33254266,0.6581018,0.0067315097,-0.15414084,-0.04225456,-0.48300374,-0.39404935,-0.07599312,-0.43594247,0.32489625,0.40951794,-0.69811875,0.34084582,0.043259382,Huan
-0.12766,0.40326983,0.684894,0.080483146,0.29552335,-0.03688639,-0.34489766,0.27617934,-0.09711547,-0.15955836,-0.025400236,-0.15307507,0.13513535,0.10973407,-0.34056243,0.05720602,0.09649746,-0.35889143,0.3657398,0.2198732,Draugluin
0.023604823,0.06843285,0.57788527,0.09509912,-0.39414692,-0.054922372,-0.11938341,0.027756073,-0.17282031,-0.6769402,0.29545695,0.43327296,-1.1644068,-0.24381113,-0.4075553,0.4131286,0.86253536,-0.12521566,0.16768107,-0.41053447,Thingol
0.15534069,0.36654866,-0.17876709,0.13834634,-0.006293841,-0.039177544,0.039661303,-0.52731615,-0.7196825,-0.25505129,0.28005773,0.6248918,-0.38353,0.26380587,-0.97729653,0.038888548,0.5048072,0.32318565,0.59602433,-0.20373155,Gwindor
0.27493492,0.3452715,0.22610573,0.0032212231,-0.32035863,-0.026739752,0.13953823,-0.21838477,-0.21998738,-0.10862812,0.044258002,0.81625074,0.17506103,-0.0032789847,0.12235579,0.29080907,0.17393443,-0.09153303,-0.06345399,-0.12821507,Gothmog
-0.23726946,-0.08192527,0.5715085,0.14462124,-0.046419013,-0.040500186,0.2140893,-0.03246852,-0.61442786,-0.30982175,0.40749565,0.46918556,-0.4423763,-0.014030575,-0.44931772,-0.0049061617,0.43851003,0.4657942,0.5822039,-0.2861706,Nienor
-0.18240872,0.19709855,0.34517667,0.18478642,0.20784727,-0.14605305,0.0201141,0.0484551,-0.24383344,-0.032806672,0.27363598,0.45333382,-0.17073505,0.3095307,-0.3793604,0.12835926,0.21947938,0.60594976,0.24416967,0.019015903,Mîm
-0.07795441,-0.5780244,0.54256773,-0.32217598,-0.3496134,0.13334237,-0.25074273,-0.03358449,-0.35424748,-0.5891724,-0.3242703,0.22269201,-1.0270182,-0.39398998,-0.21816559,-0.22361596,0.9758621,0.25595674,0.46479994,-0.2080788,Melian
-0.1262304,0.22993842,0.40667772,-0.1375076,0.13528943,0.04332333,-0.25011593,-0.44091764,-0.372414,-0.056257885,0.06912909,0.2909526,-0.12455545,0.07341841,-0.6545427,0.00072784274,0.56810415,0.42279938,0.51553756,-0.4809262,Húrin Thalion
-0.16199787,0.14242573,0.10270288,0.0066005187,0.033274118,-0.10123421,-0.057409756,-0.21371509,-0.5908062,-0.06548825,0.4814894,0.32697263,-0.16542135,0.4628662,-0.89929,0.19131278,0.37436277,0.55196893,0.50766623,-0.0924737,Finduilas
0.2786816,-0.060709015,0.4335135,-0.33258858,-0.0117984675,-0.15220201,-0.33393404,0.09606096,-0.124364525,-0.09264255,0.48967716,0.02608515,0.3085073,0.4906382,0.1403864,-0.3244375,-0.29193595,-0.07358842,-0.74073094,-0.45443234,Gelmir
-0.37896568,0.0878529,0.41929322,-0.04314275,-0.124010645,0.011048792,-0.19411944,-0.26996425,-0.53037715,-0.008378493,0.50055635,0.27482748,0.17198683,0.623122,0.056394868,0.35783374,0.17361467,0.86277175,0.16524626,0.10961102,Dorlas
-0.1869729,0.034929227,0.2683825,0.40012026,0.20329416,-0.09737435,-0.44452408,-0.16502173,-0.8921832,0.120054014,0.6312455,0.5521817,-0.1292862,0.48107612,-0.4157394,0.31472778,-0.07091339,0.7531795,0.22248326,0.40239936,Turambar
-0.30666018,0.113788836,0.44379574,0.1454822,-0.07470144,0.016562484,-0.22714338,-0.12579602,-0.5291591,0.066777036,0.46171635,0.6425058,-0.059360385,0.72327876,-0.1291947,0.3392689,0.14971232,0.89318824,0.17830901,0.25184032,Brandir
-0.085294865,0.15851405,0.5227724,0.24699697,0.10361859,-0.038973495,-0.2878924,-0.16904725,-0.56566805,0.17987283,0.39619276,0.6334906,0.028055103,0.62437445,-0.05864383,0.49438035,-0.1687427,0.6160825,0.07787671,0.22251584,Níniel
-0.2582998,-0.018226132,0.2805166,0.117725715,-0.32074758,0.15335515,-0.19294694,0.4297897,0.073851235,-0.6489005,0.083903804,-0.33749253,-0.45833468,0.18431064,0.11231431,0.09218924,0.6786895,-0.40155074,-0.16697182,0.05756121,Nimloth
-0.10943033,-0.49463353,0.49174187,-0.5240007,-0.53197396,-0.025054239,-0.5063466,0.13786468,-0.35766873,-0.8192037,0.054548573,-0.12668619,-0.6423137,-0.7439275,0.03508552,0.26307988,0.78487134,-0.16768141,-0.15026058,-0.27736965,Dior
-0.30155876,-0.12964033,0.40856853,-0.12631388,-0.10254335,0.13097596,-0.3341364,-0.0914539,-0.23803553,-0.40371442,-0.0035906485,-0.3179438,-0.06013063,-0.2099996,0.08258056,0.17632703,0.12567765,0.16542916,-0.25522894,-0.3825565,Elf
0.53076094,0.06433802,0.31599933,-0.36370227,-0.5931606,-0.8167212,-0.057977166,-0.22688144,-0.42270738,-0.11900233,0.24514715,0.40048906,0.43122596,-0.27132887,0.27927583,-0.042908903,0.016579237,-0.44440505,-0.4164249,0.03566082,the Noldor
0.042804506,-0.76489305,0.76367486,-0.27071562,-0.48511356,0.18048757,-0.46949425,0.02233881,-0.3514353,0.16478501,-0.5352479,-0.08911809,-0.3385133,-0.65384805,-0.23863919,-0.59449613,0.06509862,-0.039573886,-0.106663615,0.16138637,Elros
0.60534215,-0.1899574,0.87504286,-0.28577504,0.1840014,-0.2654276,-0.34541982,0.09271989,-0.03168767,0.66724956,-0.85335094,-0.014761182,-0.048704065,-0.0796319,0.068552285,-0.29629818,-0.207238,0.26628384,-0.43010822,0.47292164,the Númenóreans
0.009030028,-0.015757,0.2416705,-0.0004890978,-0.48236644,-0.06943758,0.16281636,0.21615236,-0.09811451,0.17173809,-0.56064665,-0.24566159,0.23746575,-0.20431563,-0.03446591,0.19650885,-0.12070232,-0.07874034,0.0462045,0.3280806,the Dúnedain
0.05324968,0.3758624,0.49770582,-0.007826397,0.09585137,-0.6811335,-0.30181783,0.21397583,-0.35745597,0.06684747,-0.059493102,-0.13044064,0.27592275,-0.439502,-0.27636114,-0.20653063,-0.090992734,0.27378476,-0.16499938,0.08542886,Ilúvatar
0.16357543,0.04391936,0.70969516,-0.3692314,0.020750742,-0.24397504,-0.57492155,0.42827117,-0.31597003,0.53174603,-0.5521068,0.011969016,0.23285936,-0.37056044,-0.30217814,-0.16850051,-0.3320399,0.37727016,-0.3653662,0.42825776,Ar-Pharazôn
0.24391158,0.3180183,0.09983195,0.14346646,-0.36015868,-0.13163343,-0.13965249,0.38418394,-0.16648161,-0.086877756,-0.43826333,-0.105941325,0.4698791,-0.5700548,0.085216105,-0.4584906,-0.14128734,0.56564206,0.2281999,0.5405445,Amandil
0.19590682,0.26305223,0.7689501,-0.10284765,-0.16805181,-0.6051632,-0.5663048,0.30970693,-0.3895815,-0.0019071114,-0.093445614,0.07373796,0.32395065,-0.8245969,-0.29855546,-0.32710978,-0.26686954,0.62386894,-0.34363472,0.037844557,Manwë
-0.8277623,-0.01482114,-0.3651479,-0.45685756,0.084376045,0.044435736,0.37464425,-0.44136295,0.07492074,-0.48451138,0.07352959,0.03770787,0.20291157,0.056953404,0.33981702,0.08355995,-0.11160102,-0.03642517,-0.1350642,0.6943733,Dwalin
-0.93742245,-0.2688057,-0.6886045,-0.5590012,0.32687554,0.15934505,0.27743,-0.39758387,0.24830092,-0.7455937,0.13519633,0.13560586,0.051085636,-0.097831964,0.19061856,-0.33907798,-0.3314006,-0.07013864,-0.448413,0.73250824,Kili
-1.0459148,0.0014968072,-0.5864271,-0.5773491,0.34170905,0.016657466,0.38681445,-0.35243723,0.17553023,-0.80813605,-0.04938381,0.041055925,0.26573956,-0.007651504,0.19374862,0.05175544,-0.39368248,-0.09726845,-0.4892145,0.7571712,Bifur
-0.91832983,-0.10830474,-0.6373328,-0.47087818,0.41148573,-0.047869876,0.48115945,-0.5084676,0.20240745,-0.63823867,0.08710569,0.23550779,0.24351688,-0.004626026,0.14283805,0.082529455,-0.43723187,-0.033623245,-0.3214503,0.4961715,Nori
-0.89854485,-0.15669823,-0.48499522,-0.5536576,0.3401951,0.07719234,0.33701873,-0.15978566,0.1426176,-0.68579537,-0.008647357,0.19332571,0.19665517,0.12033339,0.05552134,-0.24892889,-0.26051107,-0.09149101,-0.37415597,0.5756671,Fili
-0.85627705,-0.18855633,-0.6321757,-0.6977951,0.41897285,0.18911527,0.33734298,-0.35008305,0.06759221,-0.73420775,-0.015919901,0.15517081,0.19300428,0.006801377,0.35014898,-0.0038937696,-0.45905945,-0.13681872,-0.42021748,0.76063615,Dori
-0.912886,-0.182506,-0.63386947,-0.8068146,0.43827322,-0.020124186,0.3877723,-0.41825294,0.11915426,-0.67473114,0.06406671,0.16610791,0.32440507,0.022496985,0.19462149,-0.055220842,-0.34566623,-0.09498266,-0.35258755,0.70157236,Oin
-0.6729599,-0.20081183,-0.7284488,-0.65449804,0.27757567,0.13327885,0.5141802,-0.30126244,0.05718159,-0.59855735,0.081538506,0.07067469,0.18511729,-0.17433514,0.17666562,0.071971454,-0.3164723,-0.21132676,-0.14444728,0.84120363,Gloin
-0.3492691,0.35843426,-0.1590183,-0.6409787,0.07159268,0.7328928,-0.09411115,0.11857395,0.48411372,-0.12726639,0.18515746,0.33964577,-0.17518699,-0.31401068,0.13440208,0.09936757,-0.87822604,-0.079264976,0.38623235,0.4316944,Bert
-0.092648186,0.49877086,0.030166592,-0.57720894,0.0049262336,0.75697076,-0.012378219,0.3362382,0.2591329,0.012245044,0.052180137,0.2265076,-0.22240566,-0.1772579,0.18000749,0.19417523,-0.83161443,-0.025499105,0.40582818,0.28894556,William
-0.5609736,0.25931904,-0.11715786,-0.341179,0.24506953,0.23862427,0.116759464,-0.2001908,0.311461,-0.33036605,-0.06368521,0.022329422,0.08273109,-0.048481733,-0.0807572,-0.3595258,-0.3350144,0.141691,-0.042598423,0.32061553,the Great Goblin
0.08752417,-0.43535638,-0.10089234,-0.14097923,0.37729454,0.13619772,0.29895785,-0.023165453,0.09145215,0.08844505,0.22081551,0.035267144,0.4130673,0.26814052,-0.12214443,-0.13195641,-0.013837022,-0.022305982,-0.2006573,-0.031389795,the Eagles
-0.6310136,0.4200954,-0.32546738,-0.13673542,0.22533566,-0.059395276,0.18370719,-0.3397224,0.3048218,-0.70353544,0.13603428,0.29959232,0.013254651,-0.07631507,0.18033747,-0.34748656,-0.46291345,0.12187204,-0.3061227,0.1267372,Thrain
-0.53966314,0.61742127,0.21029885,-0.39276314,0.17154348,0.5065363,-0.06483898,-0.07029935,0.8445648,-0.396581,0.13003296,0.2320155,0.03360039,0.008182681,-0.22390032,-0.70786375,-0.5353901,0.26525125,-0.212796,0.43973637,Smaug
-0.46825677,0.76552564,0.4091239,-0.21529044,0.10227834,0.36625916,-0.37852588,-0.40370673,0.5533392,-0.524261,0.18670206,0.05787874,0.14349668,0.42399186,-0.21198502,-1.0186479,-0.48645404,0.39887196,-0.5498124,-0.13743931,Girion
-0.73991627,0.35440513,-0.26221633,-0.43989795,0.17635863,0.32349095,-0.012036343,-0.21480042,0.69364244,-0.66649157,0.2765324,0.20088834,0.10138674,0.058266573,-0.077889375,-0.7839889,-0.32150146,0.18815543,-0.24830003,0.45663774,Bard
-0.2777524,0.8227159,0.43896607,-0.30555424,0.020395013,0.33374435,-0.070029624,-0.20218576,0.72525847,-0.074845694,0.30190355,0.02699994,0.3550207,0.26399288,-0.21789157,-0.5382881,-0.5343056,0.22625136,-0.46233904,0.04011108,Dale
-0.43266854,0.6977196,0.18283455,-0.27646652,0.2259321,0.81481355,-0.28912607,-0.22624987,0.6645882,-0.35093248,0.06437872,0.18878433,0.10939067,0.03371749,-0.26764622,-0.78806067,-0.4822726,0.28756648,-0.18426391,0.052236054,Dain
